intrinsic:
910.1155107777962 0.0 360.3277519024787 
0.0 910.2233367566544 372.6634999577232 
0.0 0.0 1.0 
distortion:
0.0212284835698144 0.8546829039917951 0.0034281408326615323 0.0005749116561059772 -3.217248182814475 
